             precision    recall  f1-score   support

          0       0.00      0.00      0.00         7
          1       0.00      0.00      0.00         7
          2       0.14      0.50      0.22         4
          3       0.50      0.25      0.33        12
          4       0.36      0.67      0.47        12
          5       0.00      0.00      0.00         8

avg / total       0.22      0.26      0.21        50

0.17102396514161222

LSTM
             precision    recall  f1-score   support

          0       0.00      0.00      0.00         7
          1       0.00      0.00      0.00         7
          2       0.13      0.50      0.21         4
          3       0.40      0.33      0.36        12
          4       0.28      0.42      0.33        12
          5       0.00      0.00      0.00         8

avg / total       0.17      0.22      0.18        50

0.15124933545986177

conclf
  'precision', 'predicted', average, warn_for)
             precision    recall  f1-score   support

          0       0.10      0.14      0.12         7
          1       0.29      0.29      0.29         7
          2       0.14      0.75      0.24         4
          3       0.25      0.08      0.12        12
          4       0.38      0.25      0.30        12
          5       0.00      0.00      0.00         8

avg / total       0.22      0.20      0.18        50

0.17806022408963584

ffnnclf
             precision    recall  f1-score   support

          0       0.00      0.00      0.00         7
          1       1.00      0.29      0.44         7
          2       0.00      0.00      0.00         4
          3       0.50      0.17      0.25        12
          4       0.28      0.75      0.41        12
          5       0.00      0.00      0.00         8

avg / total       0.33      0.26      0.22        50

0.18392255892255893

gbdt
             precision    recall  f1-score   support

          0       0.10      0.14      0.12         7
          1       0.00      0.00      0.00         7
          2       0.10      0.25      0.14         4
          3       0.00      0.00      0.00        12
          4       0.47      0.75      0.58        12
          5       0.25      0.12      0.17         8

avg / total       0.18      0.24      0.19        50

0.1679693382729436